====================================================================================================
====================
Dimension = 1
====================
[array([0]), array([1])]
[[0, 1, 2], []]
[[array([[0],
       [1]])], []]
Tau: (0,)
Simpex 0:
[[0]
 [1]]
Tau: (0,)
Simpex 0:
[0, 1]
====================================================================================================
====================================================================================================
====================
Dimension = 2
====================
[array([0, 0]), array([1, 0]), array([0, 1]), array([1, 1])]
[[0, 1, 2, 3], [0, 1], []]
[[], [array([[0, 0],
       [1, 0],
       [1, 1]]), array([[0, 0],
       [0, 1],
       [1, 1]])], []]
Tau: (0, 1)
Simpex 0:
[[0 0]
 [1 0]
 [1 1]]
Tau: (1, 0)
Simpex 1:
[[0 0]
 [0 1]
 [1 1]]
Tau: (0, 1)
Simpex 0:
[0, 1, 3]
Tau: (1, 0)
Simpex 1:
[0, 2, 3]
====================================================================================================
====================================================================================================
====================
Dimension = 3
====================
[array([0, 0, 0]), array([1, 0, 0]), array([1, 1, 0]), array([1, 0, 1]), array([0, 1, 0]), array([0, 1, 1]), array([0, 0, 1]), array([1, 1, 1])]
[[0, 1, 2, 3, 4, 5, 6, 7], [], [0, 1, 2, 3, 4, 5], []]
[[], [], [array([[0, 0, 0],
       [1, 0, 0],
       [1, 1, 0],
       [1, 1, 1]]), array([[0, 0, 0],
       [1, 0, 0],
       [1, 0, 1],
       [1, 1, 1]]), array([[0, 0, 0],
       [0, 1, 0],
       [1, 1, 0],
       [1, 1, 1]]), array([[0, 0, 0],
       [0, 1, 0],
       [0, 1, 1],
       [1, 1, 1]]), array([[0, 0, 0],
       [0, 0, 1],
       [1, 0, 1],
       [1, 1, 1]]), array([[0, 0, 0],
       [0, 0, 1],
       [0, 1, 1],
       [1, 1, 1]])], []]
Tau: (0, 1, 2)
Simpex 0:
[[0 0 0]
 [1 0 0]
 [1 1 0]
 [1 1 1]]
Tau: (0, 2, 1)
Simpex 1:
[[0 0 0]
 [1 0 0]
 [1 0 1]
 [1 1 1]]
Tau: (1, 0, 2)
Simpex 2:
[[0 0 0]
 [0 1 0]
 [1 1 0]
 [1 1 1]]
Tau: (1, 2, 0)
Simpex 3:
[[0 0 0]
 [0 1 0]
 [0 1 1]
 [1 1 1]]
Tau: (2, 0, 1)
Simpex 4:
[[0 0 0]
 [0 0 1]
 [1 0 1]
 [1 1 1]]
Tau: (2, 1, 0)
Simpex 5:
[[0 0 0]
 [0 0 1]
 [0 1 1]
 [1 1 1]]
Tau: (0, 1, 2)
Simpex 0:
[0, 1, 2, 7]
Tau: (0, 2, 1)
Simpex 1:
[0, 1, 3, 7]
Tau: (1, 0, 2)
Simpex 2:
[0, 4, 2, 7]
Tau: (1, 2, 0)
Simpex 3:
[0, 4, 5, 7]
Tau: (2, 0, 1)
Simpex 4:
[0, 6, 3, 7]
Tau: (2, 1, 0)
Simpex 5:
[0, 6, 5, 7]
====================================================================================================
====================================================================================================
====================
Dimension = 4
====================
[array([0, 0, 0, 0]), array([1, 0, 0, 0]), array([1, 1, 0, 0]), array([1, 1, 1, 0]), array([1, 1, 0, 1]), array([1, 0, 1, 0]), array([1, 0, 1, 1]), array([1, 0, 0, 1]), array([0, 1, 0, 0]), array([0, 1, 1, 0]), array([0, 1, 1, 1]), array([0, 1, 0, 1]), array([0, 0, 1, 0]), array([0, 0, 1, 1]), array([0, 0, 0, 1]), array([1, 1, 1, 1])]
[[0, 1, 2, 3, 4, 5, 6, 7, 8, 9, 10, 11, 12, 13, 14, 15], [], [], [0, 1, 2, 3, 4, 5, 6, 7, 8, 9, 10, 11, 12, 13, 14, 15, 16, 17, 18, 19, 20, 21, 22, 23], []]
[[], [], [], [array([[0, 0, 0, 0],
       [1, 0, 0, 0],
       [1, 1, 0, 0],
       [1, 1, 1, 0],
       [1, 1, 1, 1]]), array([[0, 0, 0, 0],
       [1, 0, 0, 0],
       [1, 1, 0, 0],
       [1, 1, 0, 1],
       [1, 1, 1, 1]]), array([[0, 0, 0, 0],
       [1, 0, 0, 0],
       [1, 0, 1, 0],
       [1, 1, 1, 0],
       [1, 1, 1, 1]]), array([[0, 0, 0, 0],
       [1, 0, 0, 0],
       [1, 0, 1, 0],
       [1, 0, 1, 1],
       [1, 1, 1, 1]]), array([[0, 0, 0, 0],
       [1, 0, 0, 0],
       [1, 0, 0, 1],
       [1, 1, 0, 1],
       [1, 1, 1, 1]]), array([[0, 0, 0, 0],
       [1, 0, 0, 0],
       [1, 0, 0, 1],
       [1, 0, 1, 1],
       [1, 1, 1, 1]]), array([[0, 0, 0, 0],
       [0, 1, 0, 0],
       [1, 1, 0, 0],
       [1, 1, 1, 0],
       [1, 1, 1, 1]]), array([[0, 0, 0, 0],
       [0, 1, 0, 0],
       [1, 1, 0, 0],
       [1, 1, 0, 1],
       [1, 1, 1, 1]]), array([[0, 0, 0, 0],
       [0, 1, 0, 0],
       [0, 1, 1, 0],
       [1, 1, 1, 0],
       [1, 1, 1, 1]]), array([[0, 0, 0, 0],
       [0, 1, 0, 0],
       [0, 1, 1, 0],
       [0, 1, 1, 1],
       [1, 1, 1, 1]]), array([[0, 0, 0, 0],
       [0, 1, 0, 0],
       [0, 1, 0, 1],
       [1, 1, 0, 1],
       [1, 1, 1, 1]]), array([[0, 0, 0, 0],
       [0, 1, 0, 0],
       [0, 1, 0, 1],
       [0, 1, 1, 1],
       [1, 1, 1, 1]]), array([[0, 0, 0, 0],
       [0, 0, 1, 0],
       [1, 0, 1, 0],
       [1, 1, 1, 0],
       [1, 1, 1, 1]]), array([[0, 0, 0, 0],
       [0, 0, 1, 0],
       [1, 0, 1, 0],
       [1, 0, 1, 1],
       [1, 1, 1, 1]]), array([[0, 0, 0, 0],
       [0, 0, 1, 0],
       [0, 1, 1, 0],
       [1, 1, 1, 0],
       [1, 1, 1, 1]]), array([[0, 0, 0, 0],
       [0, 0, 1, 0],
       [0, 1, 1, 0],
       [0, 1, 1, 1],
       [1, 1, 1, 1]]), array([[0, 0, 0, 0],
       [0, 0, 1, 0],
       [0, 0, 1, 1],
       [1, 0, 1, 1],
       [1, 1, 1, 1]]), array([[0, 0, 0, 0],
       [0, 0, 1, 0],
       [0, 0, 1, 1],
       [0, 1, 1, 1],
       [1, 1, 1, 1]]), array([[0, 0, 0, 0],
       [0, 0, 0, 1],
       [1, 0, 0, 1],
       [1, 1, 0, 1],
       [1, 1, 1, 1]]), array([[0, 0, 0, 0],
       [0, 0, 0, 1],
       [1, 0, 0, 1],
       [1, 0, 1, 1],
       [1, 1, 1, 1]]), array([[0, 0, 0, 0],
       [0, 0, 0, 1],
       [0, 1, 0, 1],
       [1, 1, 0, 1],
       [1, 1, 1, 1]]), array([[0, 0, 0, 0],
       [0, 0, 0, 1],
       [0, 1, 0, 1],
       [0, 1, 1, 1],
       [1, 1, 1, 1]]), array([[0, 0, 0, 0],
       [0, 0, 0, 1],
       [0, 0, 1, 1],
       [1, 0, 1, 1],
       [1, 1, 1, 1]]), array([[0, 0, 0, 0],
       [0, 0, 0, 1],
       [0, 0, 1, 1],
       [0, 1, 1, 1],
       [1, 1, 1, 1]])], []]
Tau: (0, 1, 2, 3)
Simpex 0:
[[0 0 0 0]
 [1 0 0 0]
 [1 1 0 0]
 [1 1 1 0]
 [1 1 1 1]]
Tau: (0, 1, 3, 2)
Simpex 1:
[[0 0 0 0]
 [1 0 0 0]
 [1 1 0 0]
 [1 1 0 1]
 [1 1 1 1]]
Tau: (0, 2, 1, 3)
Simpex 2:
[[0 0 0 0]
 [1 0 0 0]
 [1 0 1 0]
 [1 1 1 0]
 [1 1 1 1]]
Tau: (0, 2, 3, 1)
Simpex 3:
[[0 0 0 0]
 [1 0 0 0]
 [1 0 1 0]
 [1 0 1 1]
 [1 1 1 1]]
Tau: (0, 3, 1, 2)
Simpex 4:
[[0 0 0 0]
 [1 0 0 0]
 [1 0 0 1]
 [1 1 0 1]
 [1 1 1 1]]
Tau: (0, 3, 2, 1)
Simpex 5:
[[0 0 0 0]
 [1 0 0 0]
 [1 0 0 1]
 [1 0 1 1]
 [1 1 1 1]]
Tau: (1, 0, 2, 3)
Simpex 6:
[[0 0 0 0]
 [0 1 0 0]
 [1 1 0 0]
 [1 1 1 0]
 [1 1 1 1]]
Tau: (1, 0, 3, 2)
Simpex 7:
[[0 0 0 0]
 [0 1 0 0]
 [1 1 0 0]
 [1 1 0 1]
 [1 1 1 1]]
Tau: (1, 2, 0, 3)
Simpex 8:
[[0 0 0 0]
 [0 1 0 0]
 [0 1 1 0]
 [1 1 1 0]
 [1 1 1 1]]
Tau: (1, 2, 3, 0)
Simpex 9:
[[0 0 0 0]
 [0 1 0 0]
 [0 1 1 0]
 [0 1 1 1]
 [1 1 1 1]]
Tau: (1, 3, 0, 2)
Simpex 10:
[[0 0 0 0]
 [0 1 0 0]
 [0 1 0 1]
 [1 1 0 1]
 [1 1 1 1]]
Tau: (1, 3, 2, 0)
Simpex 11:
[[0 0 0 0]
 [0 1 0 0]
 [0 1 0 1]
 [0 1 1 1]
 [1 1 1 1]]
Tau: (2, 0, 1, 3)
Simpex 12:
[[0 0 0 0]
 [0 0 1 0]
 [1 0 1 0]
 [1 1 1 0]
 [1 1 1 1]]
Tau: (2, 0, 3, 1)
Simpex 13:
[[0 0 0 0]
 [0 0 1 0]
 [1 0 1 0]
 [1 0 1 1]
 [1 1 1 1]]
Tau: (2, 1, 0, 3)
Simpex 14:
[[0 0 0 0]
 [0 0 1 0]
 [0 1 1 0]
 [1 1 1 0]
 [1 1 1 1]]
Tau: (2, 1, 3, 0)
Simpex 15:
[[0 0 0 0]
 [0 0 1 0]
 [0 1 1 0]
 [0 1 1 1]
 [1 1 1 1]]
Tau: (2, 3, 0, 1)
Simpex 16:
[[0 0 0 0]
 [0 0 1 0]
 [0 0 1 1]
 [1 0 1 1]
 [1 1 1 1]]
Tau: (2, 3, 1, 0)
Simpex 17:
[[0 0 0 0]
 [0 0 1 0]
 [0 0 1 1]
 [0 1 1 1]
 [1 1 1 1]]
Tau: (3, 0, 1, 2)
Simpex 18:
[[0 0 0 0]
 [0 0 0 1]
 [1 0 0 1]
 [1 1 0 1]
 [1 1 1 1]]
Tau: (3, 0, 2, 1)
Simpex 19:
[[0 0 0 0]
 [0 0 0 1]
 [1 0 0 1]
 [1 0 1 1]
 [1 1 1 1]]
Tau: (3, 1, 0, 2)
Simpex 20:
[[0 0 0 0]
 [0 0 0 1]
 [0 1 0 1]
 [1 1 0 1]
 [1 1 1 1]]
Tau: (3, 1, 2, 0)
Simpex 21:
[[0 0 0 0]
 [0 0 0 1]
 [0 1 0 1]
 [0 1 1 1]
 [1 1 1 1]]
Tau: (3, 2, 0, 1)
Simpex 22:
[[0 0 0 0]
 [0 0 0 1]
 [0 0 1 1]
 [1 0 1 1]
 [1 1 1 1]]
Tau: (3, 2, 1, 0)
Simpex 23:
[[0 0 0 0]
 [0 0 0 1]
 [0 0 1 1]
 [0 1 1 1]
 [1 1 1 1]]
Tau: (0, 1, 2, 3)
Simpex 0:
[0, 1, 2, 3, 15]
Tau: (0, 1, 3, 2)
Simpex 1:
[0, 1, 2, 4, 15]
Tau: (0, 2, 1, 3)
Simpex 2:
[0, 1, 5, 3, 15]
Tau: (0, 2, 3, 1)
Simpex 3:
[0, 1, 5, 6, 15]
Tau: (0, 3, 1, 2)
Simpex 4:
[0, 1, 7, 4, 15]
Tau: (0, 3, 2, 1)
Simpex 5:
[0, 1, 7, 6, 15]
Tau: (1, 0, 2, 3)
Simpex 6:
[0, 8, 2, 3, 15]
Tau: (1, 0, 3, 2)
Simpex 7:
[0, 8, 2, 4, 15]
Tau: (1, 2, 0, 3)
Simpex 8:
[0, 8, 9, 3, 15]
Tau: (1, 2, 3, 0)
Simpex 9:
[0, 8, 9, 10, 15]
Tau: (1, 3, 0, 2)
Simpex 10:
[0, 8, 11, 4, 15]
Tau: (1, 3, 2, 0)
Simpex 11:
[0, 8, 11, 10, 15]
Tau: (2, 0, 1, 3)
Simpex 12:
[0, 12, 5, 3, 15]
Tau: (2, 0, 3, 1)
Simpex 13:
[0, 12, 5, 6, 15]
Tau: (2, 1, 0, 3)
Simpex 14:
[0, 12, 9, 3, 15]
Tau: (2, 1, 3, 0)
Simpex 15:
[0, 12, 9, 10, 15]
Tau: (2, 3, 0, 1)
Simpex 16:
[0, 12, 13, 6, 15]
Tau: (2, 3, 1, 0)
Simpex 17:
[0, 12, 13, 10, 15]
Tau: (3, 0, 1, 2)
Simpex 18:
[0, 14, 7, 4, 15]
Tau: (3, 0, 2, 1)
Simpex 19:
[0, 14, 7, 6, 15]
Tau: (3, 1, 0, 2)
Simpex 20:
[0, 14, 11, 4, 15]
Tau: (3, 1, 2, 0)
Simpex 21:
[0, 14, 11, 10, 15]
Tau: (3, 2, 0, 1)
Simpex 22:
[0, 14, 13, 6, 15]
Tau: (3, 2, 1, 0)
Simpex 23:
[0, 14, 13, 10, 15]
====================================================================================================
====================================================================================================
====================
Dimension = 5
====================
[array([0, 0, 0, 0, 0]), array([1, 0, 0, 0, 0]), array([1, 1, 0, 0, 0]), array([1, 1, 1, 0, 0]), array([1, 1, 1, 1, 0]), array([1, 1, 1, 0, 1]), array([1, 1, 0, 1, 0]), array([1, 1, 0, 1, 1]), array([1, 1, 0, 0, 1]), array([1, 0, 1, 0, 0]), array([1, 0, 1, 1, 0]), array([1, 0, 1, 1, 1]), array([1, 0, 1, 0, 1]), array([1, 0, 0, 1, 0]), array([1, 0, 0, 1, 1]), array([1, 0, 0, 0, 1]), array([0, 1, 0, 0, 0]), array([0, 1, 1, 0, 0]), array([0, 1, 1, 1, 0]), array([0, 1, 1, 1, 1]), array([0, 1, 1, 0, 1]), array([0, 1, 0, 1, 0]), array([0, 1, 0, 1, 1]), array([0, 1, 0, 0, 1]), array([0, 0, 1, 0, 0]), array([0, 0, 1, 1, 0]), array([0, 0, 1, 1, 1]), array([0, 0, 1, 0, 1]), array([0, 0, 0, 1, 0]), array([0, 0, 0, 1, 1]), array([0, 0, 0, 0, 1]), array([1, 1, 1, 1, 1])]
[[0, 1, 2, 3, 4, 5, 6, 7, 8, 9, 10, 11, 12, 13, 14, 15, 16, 17, 18, 19, 20, 21, 22, 23, 24, 25, 26, 27, 28, 29, 30, 31], [], [], [], [0, 1, 2, 3, 4, 5, 6, 7, 8, 9, 10, 11, 12, 13, 14, 15, 16, 17, 18, 19, 20, 21, 22, 23, 24, 25, 26, 27, 28, 29, 30, 31, 32, 33, 34, 35, 36, 37, 38, 39, 40, 41, 42, 43, 44, 45, 46, 47, 48, 49, 50, 51, 52, 53, 54, 55, 56, 57, 58, 59, 60, 61, 62, 63, 64, 65, 66, 67, 68, 69, 70, 71, 72, 73, 74, 75, 76, 77, 78, 79, 80, 81, 82, 83, 84, 85, 86, 87, 88, 89, 90, 91, 92, 93, 94, 95, 96, 97, 98, 99, 100, 101, 102, 103, 104, 105, 106, 107, 108, 109, 110, 111, 112, 113, 114, 115, 116, 117, 118, 119], []]
[[], [], [], [], [array([[0, 0, 0, 0, 0],
       [1, 0, 0, 0, 0],
       [1, 1, 0, 0, 0],
       [1, 1, 1, 0, 0],
       [1, 1, 1, 1, 0],
       [1, 1, 1, 1, 1]]), array([[0, 0, 0, 0, 0],
       [1, 0, 0, 0, 0],
       [1, 1, 0, 0, 0],
       [1, 1, 1, 0, 0],
       [1, 1, 1, 0, 1],
       [1, 1, 1, 1, 1]]), array([[0, 0, 0, 0, 0],
       [1, 0, 0, 0, 0],
       [1, 1, 0, 0, 0],
       [1, 1, 0, 1, 0],
       [1, 1, 1, 1, 0],
       [1, 1, 1, 1, 1]]), array([[0, 0, 0, 0, 0],
       [1, 0, 0, 0, 0],
       [1, 1, 0, 0, 0],
       [1, 1, 0, 1, 0],
       [1, 1, 0, 1, 1],
       [1, 1, 1, 1, 1]]), array([[0, 0, 0, 0, 0],
       [1, 0, 0, 0, 0],
       [1, 1, 0, 0, 0],
       [1, 1, 0, 0, 1],
       [1, 1, 1, 0, 1],
       [1, 1, 1, 1, 1]]), array([[0, 0, 0, 0, 0],
       [1, 0, 0, 0, 0],
       [1, 1, 0, 0, 0],
       [1, 1, 0, 0, 1],
       [1, 1, 0, 1, 1],
       [1, 1, 1, 1, 1]]), array([[0, 0, 0, 0, 0],
       [1, 0, 0, 0, 0],
       [1, 0, 1, 0, 0],
       [1, 1, 1, 0, 0],
       [1, 1, 1, 1, 0],
       [1, 1, 1, 1, 1]]), array([[0, 0, 0, 0, 0],
       [1, 0, 0, 0, 0],
       [1, 0, 1, 0, 0],
       [1, 1, 1, 0, 0],
       [1, 1, 1, 0, 1],
       [1, 1, 1, 1, 1]]), array([[0, 0, 0, 0, 0],
       [1, 0, 0, 0, 0],
       [1, 0, 1, 0, 0],
       [1, 0, 1, 1, 0],
       [1, 1, 1, 1, 0],
       [1, 1, 1, 1, 1]]), array([[0, 0, 0, 0, 0],
       [1, 0, 0, 0, 0],
       [1, 0, 1, 0, 0],
       [1, 0, 1, 1, 0],
       [1, 0, 1, 1, 1],
       [1, 1, 1, 1, 1]]), array([[0, 0, 0, 0, 0],
       [1, 0, 0, 0, 0],
       [1, 0, 1, 0, 0],
       [1, 0, 1, 0, 1],
       [1, 1, 1, 0, 1],
       [1, 1, 1, 1, 1]]), array([[0, 0, 0, 0, 0],
       [1, 0, 0, 0, 0],
       [1, 0, 1, 0, 0],
       [1, 0, 1, 0, 1],
       [1, 0, 1, 1, 1],
       [1, 1, 1, 1, 1]]), array([[0, 0, 0, 0, 0],
       [1, 0, 0, 0, 0],
       [1, 0, 0, 1, 0],
       [1, 1, 0, 1, 0],
       [1, 1, 1, 1, 0],
       [1, 1, 1, 1, 1]]), array([[0, 0, 0, 0, 0],
       [1, 0, 0, 0, 0],
       [1, 0, 0, 1, 0],
       [1, 1, 0, 1, 0],
       [1, 1, 0, 1, 1],
       [1, 1, 1, 1, 1]]), array([[0, 0, 0, 0, 0],
       [1, 0, 0, 0, 0],
       [1, 0, 0, 1, 0],
       [1, 0, 1, 1, 0],
       [1, 1, 1, 1, 0],
       [1, 1, 1, 1, 1]]), array([[0, 0, 0, 0, 0],
       [1, 0, 0, 0, 0],
       [1, 0, 0, 1, 0],
       [1, 0, 1, 1, 0],
       [1, 0, 1, 1, 1],
       [1, 1, 1, 1, 1]]), array([[0, 0, 0, 0, 0],
       [1, 0, 0, 0, 0],
       [1, 0, 0, 1, 0],
       [1, 0, 0, 1, 1],
       [1, 1, 0, 1, 1],
       [1, 1, 1, 1, 1]]), array([[0, 0, 0, 0, 0],
       [1, 0, 0, 0, 0],
       [1, 0, 0, 1, 0],
       [1, 0, 0, 1, 1],
       [1, 0, 1, 1, 1],
       [1, 1, 1, 1, 1]]), array([[0, 0, 0, 0, 0],
       [1, 0, 0, 0, 0],
       [1, 0, 0, 0, 1],
       [1, 1, 0, 0, 1],
       [1, 1, 1, 0, 1],
       [1, 1, 1, 1, 1]]), array([[0, 0, 0, 0, 0],
       [1, 0, 0, 0, 0],
       [1, 0, 0, 0, 1],
       [1, 1, 0, 0, 1],
       [1, 1, 0, 1, 1],
       [1, 1, 1, 1, 1]]), array([[0, 0, 0, 0, 0],
       [1, 0, 0, 0, 0],
       [1, 0, 0, 0, 1],
       [1, 0, 1, 0, 1],
       [1, 1, 1, 0, 1],
       [1, 1, 1, 1, 1]]), array([[0, 0, 0, 0, 0],
       [1, 0, 0, 0, 0],
       [1, 0, 0, 0, 1],
       [1, 0, 1, 0, 1],
       [1, 0, 1, 1, 1],
       [1, 1, 1, 1, 1]]), array([[0, 0, 0, 0, 0],
       [1, 0, 0, 0, 0],
       [1, 0, 0, 0, 1],
       [1, 0, 0, 1, 1],
       [1, 1, 0, 1, 1],
       [1, 1, 1, 1, 1]]), array([[0, 0, 0, 0, 0],
       [1, 0, 0, 0, 0],
       [1, 0, 0, 0, 1],
       [1, 0, 0, 1, 1],
       [1, 0, 1, 1, 1],
       [1, 1, 1, 1, 1]]), array([[0, 0, 0, 0, 0],
       [0, 1, 0, 0, 0],
       [1, 1, 0, 0, 0],
       [1, 1, 1, 0, 0],
       [1, 1, 1, 1, 0],
       [1, 1, 1, 1, 1]]), array([[0, 0, 0, 0, 0],
       [0, 1, 0, 0, 0],
       [1, 1, 0, 0, 0],
       [1, 1, 1, 0, 0],
       [1, 1, 1, 0, 1],
       [1, 1, 1, 1, 1]]), array([[0, 0, 0, 0, 0],
       [0, 1, 0, 0, 0],
       [1, 1, 0, 0, 0],
       [1, 1, 0, 1, 0],
       [1, 1, 1, 1, 0],
       [1, 1, 1, 1, 1]]), array([[0, 0, 0, 0, 0],
       [0, 1, 0, 0, 0],
       [1, 1, 0, 0, 0],
       [1, 1, 0, 1, 0],
       [1, 1, 0, 1, 1],
       [1, 1, 1, 1, 1]]), array([[0, 0, 0, 0, 0],
       [0, 1, 0, 0, 0],
       [1, 1, 0, 0, 0],
       [1, 1, 0, 0, 1],
       [1, 1, 1, 0, 1],
       [1, 1, 1, 1, 1]]), array([[0, 0, 0, 0, 0],
       [0, 1, 0, 0, 0],
       [1, 1, 0, 0, 0],
       [1, 1, 0, 0, 1],
       [1, 1, 0, 1, 1],
       [1, 1, 1, 1, 1]]), array([[0, 0, 0, 0, 0],
       [0, 1, 0, 0, 0],
       [0, 1, 1, 0, 0],
       [1, 1, 1, 0, 0],
       [1, 1, 1, 1, 0],
       [1, 1, 1, 1, 1]]), array([[0, 0, 0, 0, 0],
       [0, 1, 0, 0, 0],
       [0, 1, 1, 0, 0],
       [1, 1, 1, 0, 0],
       [1, 1, 1, 0, 1],
       [1, 1, 1, 1, 1]]), array([[0, 0, 0, 0, 0],
       [0, 1, 0, 0, 0],
       [0, 1, 1, 0, 0],
       [0, 1, 1, 1, 0],
       [1, 1, 1, 1, 0],
       [1, 1, 1, 1, 1]]), array([[0, 0, 0, 0, 0],
       [0, 1, 0, 0, 0],
       [0, 1, 1, 0, 0],
       [0, 1, 1, 1, 0],
       [0, 1, 1, 1, 1],
       [1, 1, 1, 1, 1]]), array([[0, 0, 0, 0, 0],
       [0, 1, 0, 0, 0],
       [0, 1, 1, 0, 0],
       [0, 1, 1, 0, 1],
       [1, 1, 1, 0, 1],
       [1, 1, 1, 1, 1]]), array([[0, 0, 0, 0, 0],
       [0, 1, 0, 0, 0],
       [0, 1, 1, 0, 0],
       [0, 1, 1, 0, 1],
       [0, 1, 1, 1, 1],
       [1, 1, 1, 1, 1]]), array([[0, 0, 0, 0, 0],
       [0, 1, 0, 0, 0],
       [0, 1, 0, 1, 0],
       [1, 1, 0, 1, 0],
       [1, 1, 1, 1, 0],
       [1, 1, 1, 1, 1]]), array([[0, 0, 0, 0, 0],
       [0, 1, 0, 0, 0],
       [0, 1, 0, 1, 0],
       [1, 1, 0, 1, 0],
       [1, 1, 0, 1, 1],
       [1, 1, 1, 1, 1]]), array([[0, 0, 0, 0, 0],
       [0, 1, 0, 0, 0],
       [0, 1, 0, 1, 0],
       [0, 1, 1, 1, 0],
       [1, 1, 1, 1, 0],
       [1, 1, 1, 1, 1]]), array([[0, 0, 0, 0, 0],
       [0, 1, 0, 0, 0],
       [0, 1, 0, 1, 0],
       [0, 1, 1, 1, 0],
       [0, 1, 1, 1, 1],
       [1, 1, 1, 1, 1]]), array([[0, 0, 0, 0, 0],
       [0, 1, 0, 0, 0],
       [0, 1, 0, 1, 0],
       [0, 1, 0, 1, 1],
       [1, 1, 0, 1, 1],
       [1, 1, 1, 1, 1]]), array([[0, 0, 0, 0, 0],
       [0, 1, 0, 0, 0],
       [0, 1, 0, 1, 0],
       [0, 1, 0, 1, 1],
       [0, 1, 1, 1, 1],
       [1, 1, 1, 1, 1]]), array([[0, 0, 0, 0, 0],
       [0, 1, 0, 0, 0],
       [0, 1, 0, 0, 1],
       [1, 1, 0, 0, 1],
       [1, 1, 1, 0, 1],
       [1, 1, 1, 1, 1]]), array([[0, 0, 0, 0, 0],
       [0, 1, 0, 0, 0],
       [0, 1, 0, 0, 1],
       [1, 1, 0, 0, 1],
       [1, 1, 0, 1, 1],
       [1, 1, 1, 1, 1]]), array([[0, 0, 0, 0, 0],
       [0, 1, 0, 0, 0],
       [0, 1, 0, 0, 1],
       [0, 1, 1, 0, 1],
       [1, 1, 1, 0, 1],
       [1, 1, 1, 1, 1]]), array([[0, 0, 0, 0, 0],
       [0, 1, 0, 0, 0],
       [0, 1, 0, 0, 1],
       [0, 1, 1, 0, 1],
       [0, 1, 1, 1, 1],
       [1, 1, 1, 1, 1]]), array([[0, 0, 0, 0, 0],
       [0, 1, 0, 0, 0],
       [0, 1, 0, 0, 1],
       [0, 1, 0, 1, 1],
       [1, 1, 0, 1, 1],
       [1, 1, 1, 1, 1]]), array([[0, 0, 0, 0, 0],
       [0, 1, 0, 0, 0],
       [0, 1, 0, 0, 1],
       [0, 1, 0, 1, 1],
       [0, 1, 1, 1, 1],
       [1, 1, 1, 1, 1]]), array([[0, 0, 0, 0, 0],
       [0, 0, 1, 0, 0],
       [1, 0, 1, 0, 0],
       [1, 1, 1, 0, 0],
       [1, 1, 1, 1, 0],
       [1, 1, 1, 1, 1]]), array([[0, 0, 0, 0, 0],
       [0, 0, 1, 0, 0],
       [1, 0, 1, 0, 0],
       [1, 1, 1, 0, 0],
       [1, 1, 1, 0, 1],
       [1, 1, 1, 1, 1]]), array([[0, 0, 0, 0, 0],
       [0, 0, 1, 0, 0],
       [1, 0, 1, 0, 0],
       [1, 0, 1, 1, 0],
       [1, 1, 1, 1, 0],
       [1, 1, 1, 1, 1]]), array([[0, 0, 0, 0, 0],
       [0, 0, 1, 0, 0],
       [1, 0, 1, 0, 0],
       [1, 0, 1, 1, 0],
       [1, 0, 1, 1, 1],
       [1, 1, 1, 1, 1]]), array([[0, 0, 0, 0, 0],
       [0, 0, 1, 0, 0],
       [1, 0, 1, 0, 0],
       [1, 0, 1, 0, 1],
       [1, 1, 1, 0, 1],
       [1, 1, 1, 1, 1]]), array([[0, 0, 0, 0, 0],
       [0, 0, 1, 0, 0],
       [1, 0, 1, 0, 0],
       [1, 0, 1, 0, 1],
       [1, 0, 1, 1, 1],
       [1, 1, 1, 1, 1]]), array([[0, 0, 0, 0, 0],
       [0, 0, 1, 0, 0],
       [0, 1, 1, 0, 0],
       [1, 1, 1, 0, 0],
       [1, 1, 1, 1, 0],
       [1, 1, 1, 1, 1]]), array([[0, 0, 0, 0, 0],
       [0, 0, 1, 0, 0],
       [0, 1, 1, 0, 0],
       [1, 1, 1, 0, 0],
       [1, 1, 1, 0, 1],
       [1, 1, 1, 1, 1]]), array([[0, 0, 0, 0, 0],
       [0, 0, 1, 0, 0],
       [0, 1, 1, 0, 0],
       [0, 1, 1, 1, 0],
       [1, 1, 1, 1, 0],
       [1, 1, 1, 1, 1]]), array([[0, 0, 0, 0, 0],
       [0, 0, 1, 0, 0],
       [0, 1, 1, 0, 0],
       [0, 1, 1, 1, 0],
       [0, 1, 1, 1, 1],
       [1, 1, 1, 1, 1]]), array([[0, 0, 0, 0, 0],
       [0, 0, 1, 0, 0],
       [0, 1, 1, 0, 0],
       [0, 1, 1, 0, 1],
       [1, 1, 1, 0, 1],
       [1, 1, 1, 1, 1]]), array([[0, 0, 0, 0, 0],
       [0, 0, 1, 0, 0],
       [0, 1, 1, 0, 0],
       [0, 1, 1, 0, 1],
       [0, 1, 1, 1, 1],
       [1, 1, 1, 1, 1]]), array([[0, 0, 0, 0, 0],
       [0, 0, 1, 0, 0],
       [0, 0, 1, 1, 0],
       [1, 0, 1, 1, 0],
       [1, 1, 1, 1, 0],
       [1, 1, 1, 1, 1]]), array([[0, 0, 0, 0, 0],
       [0, 0, 1, 0, 0],
       [0, 0, 1, 1, 0],
       [1, 0, 1, 1, 0],
       [1, 0, 1, 1, 1],
       [1, 1, 1, 1, 1]]), array([[0, 0, 0, 0, 0],
       [0, 0, 1, 0, 0],
       [0, 0, 1, 1, 0],
       [0, 1, 1, 1, 0],
       [1, 1, 1, 1, 0],
       [1, 1, 1, 1, 1]]), array([[0, 0, 0, 0, 0],
       [0, 0, 1, 0, 0],
       [0, 0, 1, 1, 0],
       [0, 1, 1, 1, 0],
       [0, 1, 1, 1, 1],
       [1, 1, 1, 1, 1]]), array([[0, 0, 0, 0, 0],
       [0, 0, 1, 0, 0],
       [0, 0, 1, 1, 0],
       [0, 0, 1, 1, 1],
       [1, 0, 1, 1, 1],
       [1, 1, 1, 1, 1]]), array([[0, 0, 0, 0, 0],
       [0, 0, 1, 0, 0],
       [0, 0, 1, 1, 0],
       [0, 0, 1, 1, 1],
       [0, 1, 1, 1, 1],
       [1, 1, 1, 1, 1]]), array([[0, 0, 0, 0, 0],
       [0, 0, 1, 0, 0],
       [0, 0, 1, 0, 1],
       [1, 0, 1, 0, 1],
       [1, 1, 1, 0, 1],
       [1, 1, 1, 1, 1]]), array([[0, 0, 0, 0, 0],
       [0, 0, 1, 0, 0],
       [0, 0, 1, 0, 1],
       [1, 0, 1, 0, 1],
       [1, 0, 1, 1, 1],
       [1, 1, 1, 1, 1]]), array([[0, 0, 0, 0, 0],
       [0, 0, 1, 0, 0],
       [0, 0, 1, 0, 1],
       [0, 1, 1, 0, 1],
       [1, 1, 1, 0, 1],
       [1, 1, 1, 1, 1]]), array([[0, 0, 0, 0, 0],
       [0, 0, 1, 0, 0],
       [0, 0, 1, 0, 1],
       [0, 1, 1, 0, 1],
       [0, 1, 1, 1, 1],
       [1, 1, 1, 1, 1]]), array([[0, 0, 0, 0, 0],
       [0, 0, 1, 0, 0],
       [0, 0, 1, 0, 1],
       [0, 0, 1, 1, 1],
       [1, 0, 1, 1, 1],
       [1, 1, 1, 1, 1]]), array([[0, 0, 0, 0, 0],
       [0, 0, 1, 0, 0],
       [0, 0, 1, 0, 1],
       [0, 0, 1, 1, 1],
       [0, 1, 1, 1, 1],
       [1, 1, 1, 1, 1]]), array([[0, 0, 0, 0, 0],
       [0, 0, 0, 1, 0],
       [1, 0, 0, 1, 0],
       [1, 1, 0, 1, 0],
       [1, 1, 1, 1, 0],
       [1, 1, 1, 1, 1]]), array([[0, 0, 0, 0, 0],
       [0, 0, 0, 1, 0],
       [1, 0, 0, 1, 0],
       [1, 1, 0, 1, 0],
       [1, 1, 0, 1, 1],
       [1, 1, 1, 1, 1]]), array([[0, 0, 0, 0, 0],
       [0, 0, 0, 1, 0],
       [1, 0, 0, 1, 0],
       [1, 0, 1, 1, 0],
       [1, 1, 1, 1, 0],
       [1, 1, 1, 1, 1]]), array([[0, 0, 0, 0, 0],
       [0, 0, 0, 1, 0],
       [1, 0, 0, 1, 0],
       [1, 0, 1, 1, 0],
       [1, 0, 1, 1, 1],
       [1, 1, 1, 1, 1]]), array([[0, 0, 0, 0, 0],
       [0, 0, 0, 1, 0],
       [1, 0, 0, 1, 0],
       [1, 0, 0, 1, 1],
       [1, 1, 0, 1, 1],
       [1, 1, 1, 1, 1]]), array([[0, 0, 0, 0, 0],
       [0, 0, 0, 1, 0],
       [1, 0, 0, 1, 0],
       [1, 0, 0, 1, 1],
       [1, 0, 1, 1, 1],
       [1, 1, 1, 1, 1]]), array([[0, 0, 0, 0, 0],
       [0, 0, 0, 1, 0],
       [0, 1, 0, 1, 0],
       [1, 1, 0, 1, 0],
       [1, 1, 1, 1, 0],
       [1, 1, 1, 1, 1]]), array([[0, 0, 0, 0, 0],
       [0, 0, 0, 1, 0],
       [0, 1, 0, 1, 0],
       [1, 1, 0, 1, 0],
       [1, 1, 0, 1, 1],
       [1, 1, 1, 1, 1]]), array([[0, 0, 0, 0, 0],
       [0, 0, 0, 1, 0],
       [0, 1, 0, 1, 0],
       [0, 1, 1, 1, 0],
       [1, 1, 1, 1, 0],
       [1, 1, 1, 1, 1]]), array([[0, 0, 0, 0, 0],
       [0, 0, 0, 1, 0],
       [0, 1, 0, 1, 0],
       [0, 1, 1, 1, 0],
       [0, 1, 1, 1, 1],
       [1, 1, 1, 1, 1]]), array([[0, 0, 0, 0, 0],
       [0, 0, 0, 1, 0],
       [0, 1, 0, 1, 0],
       [0, 1, 0, 1, 1],
       [1, 1, 0, 1, 1],
       [1, 1, 1, 1, 1]]), array([[0, 0, 0, 0, 0],
       [0, 0, 0, 1, 0],
       [0, 1, 0, 1, 0],
       [0, 1, 0, 1, 1],
       [0, 1, 1, 1, 1],
       [1, 1, 1, 1, 1]]), array([[0, 0, 0, 0, 0],
       [0, 0, 0, 1, 0],
       [0, 0, 1, 1, 0],
       [1, 0, 1, 1, 0],
       [1, 1, 1, 1, 0],
       [1, 1, 1, 1, 1]]), array([[0, 0, 0, 0, 0],
       [0, 0, 0, 1, 0],
       [0, 0, 1, 1, 0],
       [1, 0, 1, 1, 0],
       [1, 0, 1, 1, 1],
       [1, 1, 1, 1, 1]]), array([[0, 0, 0, 0, 0],
       [0, 0, 0, 1, 0],
       [0, 0, 1, 1, 0],
       [0, 1, 1, 1, 0],
       [1, 1, 1, 1, 0],
       [1, 1, 1, 1, 1]]), array([[0, 0, 0, 0, 0],
       [0, 0, 0, 1, 0],
       [0, 0, 1, 1, 0],
       [0, 1, 1, 1, 0],
       [0, 1, 1, 1, 1],
       [1, 1, 1, 1, 1]]), array([[0, 0, 0, 0, 0],
       [0, 0, 0, 1, 0],
       [0, 0, 1, 1, 0],
       [0, 0, 1, 1, 1],
       [1, 0, 1, 1, 1],
       [1, 1, 1, 1, 1]]), array([[0, 0, 0, 0, 0],
       [0, 0, 0, 1, 0],
       [0, 0, 1, 1, 0],
       [0, 0, 1, 1, 1],
       [0, 1, 1, 1, 1],
       [1, 1, 1, 1, 1]]), array([[0, 0, 0, 0, 0],
       [0, 0, 0, 1, 0],
       [0, 0, 0, 1, 1],
       [1, 0, 0, 1, 1],
       [1, 1, 0, 1, 1],
       [1, 1, 1, 1, 1]]), array([[0, 0, 0, 0, 0],
       [0, 0, 0, 1, 0],
       [0, 0, 0, 1, 1],
       [1, 0, 0, 1, 1],
       [1, 0, 1, 1, 1],
       [1, 1, 1, 1, 1]]), array([[0, 0, 0, 0, 0],
       [0, 0, 0, 1, 0],
       [0, 0, 0, 1, 1],
       [0, 1, 0, 1, 1],
       [1, 1, 0, 1, 1],
       [1, 1, 1, 1, 1]]), array([[0, 0, 0, 0, 0],
       [0, 0, 0, 1, 0],
       [0, 0, 0, 1, 1],
       [0, 1, 0, 1, 1],
       [0, 1, 1, 1, 1],
       [1, 1, 1, 1, 1]]), array([[0, 0, 0, 0, 0],
       [0, 0, 0, 1, 0],
       [0, 0, 0, 1, 1],
       [0, 0, 1, 1, 1],
       [1, 0, 1, 1, 1],
       [1, 1, 1, 1, 1]]), array([[0, 0, 0, 0, 0],
       [0, 0, 0, 1, 0],
       [0, 0, 0, 1, 1],
       [0, 0, 1, 1, 1],
       [0, 1, 1, 1, 1],
       [1, 1, 1, 1, 1]]), array([[0, 0, 0, 0, 0],
       [0, 0, 0, 0, 1],
       [1, 0, 0, 0, 1],
       [1, 1, 0, 0, 1],
       [1, 1, 1, 0, 1],
       [1, 1, 1, 1, 1]]), array([[0, 0, 0, 0, 0],
       [0, 0, 0, 0, 1],
       [1, 0, 0, 0, 1],
       [1, 1, 0, 0, 1],
       [1, 1, 0, 1, 1],
       [1, 1, 1, 1, 1]]), array([[0, 0, 0, 0, 0],
       [0, 0, 0, 0, 1],
       [1, 0, 0, 0, 1],
       [1, 0, 1, 0, 1],
       [1, 1, 1, 0, 1],
       [1, 1, 1, 1, 1]]), array([[0, 0, 0, 0, 0],
       [0, 0, 0, 0, 1],
       [1, 0, 0, 0, 1],
       [1, 0, 1, 0, 1],
       [1, 0, 1, 1, 1],
       [1, 1, 1, 1, 1]]), array([[0, 0, 0, 0, 0],
       [0, 0, 0, 0, 1],
       [1, 0, 0, 0, 1],
       [1, 0, 0, 1, 1],
       [1, 1, 0, 1, 1],
       [1, 1, 1, 1, 1]]), array([[0, 0, 0, 0, 0],
       [0, 0, 0, 0, 1],
       [1, 0, 0, 0, 1],
       [1, 0, 0, 1, 1],
       [1, 0, 1, 1, 1],
       [1, 1, 1, 1, 1]]), array([[0, 0, 0, 0, 0],
       [0, 0, 0, 0, 1],
       [0, 1, 0, 0, 1],
       [1, 1, 0, 0, 1],
       [1, 1, 1, 0, 1],
       [1, 1, 1, 1, 1]]), array([[0, 0, 0, 0, 0],
       [0, 0, 0, 0, 1],
       [0, 1, 0, 0, 1],
       [1, 1, 0, 0, 1],
       [1, 1, 0, 1, 1],
       [1, 1, 1, 1, 1]]), array([[0, 0, 0, 0, 0],
       [0, 0, 0, 0, 1],
       [0, 1, 0, 0, 1],
       [0, 1, 1, 0, 1],
       [1, 1, 1, 0, 1],
       [1, 1, 1, 1, 1]]), array([[0, 0, 0, 0, 0],
       [0, 0, 0, 0, 1],
       [0, 1, 0, 0, 1],
       [0, 1, 1, 0, 1],
       [0, 1, 1, 1, 1],
       [1, 1, 1, 1, 1]]), array([[0, 0, 0, 0, 0],
       [0, 0, 0, 0, 1],
       [0, 1, 0, 0, 1],
       [0, 1, 0, 1, 1],
       [1, 1, 0, 1, 1],
       [1, 1, 1, 1, 1]]), array([[0, 0, 0, 0, 0],
       [0, 0, 0, 0, 1],
       [0, 1, 0, 0, 1],
       [0, 1, 0, 1, 1],
       [0, 1, 1, 1, 1],
       [1, 1, 1, 1, 1]]), array([[0, 0, 0, 0, 0],
       [0, 0, 0, 0, 1],
       [0, 0, 1, 0, 1],
       [1, 0, 1, 0, 1],
       [1, 1, 1, 0, 1],
       [1, 1, 1, 1, 1]]), array([[0, 0, 0, 0, 0],
       [0, 0, 0, 0, 1],
       [0, 0, 1, 0, 1],
       [1, 0, 1, 0, 1],
       [1, 0, 1, 1, 1],
       [1, 1, 1, 1, 1]]), array([[0, 0, 0, 0, 0],
       [0, 0, 0, 0, 1],
       [0, 0, 1, 0, 1],
       [0, 1, 1, 0, 1],
       [1, 1, 1, 0, 1],
       [1, 1, 1, 1, 1]]), array([[0, 0, 0, 0, 0],
       [0, 0, 0, 0, 1],
       [0, 0, 1, 0, 1],
       [0, 1, 1, 0, 1],
       [0, 1, 1, 1, 1],
       [1, 1, 1, 1, 1]]), array([[0, 0, 0, 0, 0],
       [0, 0, 0, 0, 1],
       [0, 0, 1, 0, 1],
       [0, 0, 1, 1, 1],
       [1, 0, 1, 1, 1],
       [1, 1, 1, 1, 1]]), array([[0, 0, 0, 0, 0],
       [0, 0, 0, 0, 1],
       [0, 0, 1, 0, 1],
       [0, 0, 1, 1, 1],
       [0, 1, 1, 1, 1],
       [1, 1, 1, 1, 1]]), array([[0, 0, 0, 0, 0],
       [0, 0, 0, 0, 1],
       [0, 0, 0, 1, 1],
       [1, 0, 0, 1, 1],
       [1, 1, 0, 1, 1],
       [1, 1, 1, 1, 1]]), array([[0, 0, 0, 0, 0],
       [0, 0, 0, 0, 1],
       [0, 0, 0, 1, 1],
       [1, 0, 0, 1, 1],
       [1, 0, 1, 1, 1],
       [1, 1, 1, 1, 1]]), array([[0, 0, 0, 0, 0],
       [0, 0, 0, 0, 1],
       [0, 0, 0, 1, 1],
       [0, 1, 0, 1, 1],
       [1, 1, 0, 1, 1],
       [1, 1, 1, 1, 1]]), array([[0, 0, 0, 0, 0],
       [0, 0, 0, 0, 1],
       [0, 0, 0, 1, 1],
       [0, 1, 0, 1, 1],
       [0, 1, 1, 1, 1],
       [1, 1, 1, 1, 1]]), array([[0, 0, 0, 0, 0],
       [0, 0, 0, 0, 1],
       [0, 0, 0, 1, 1],
       [0, 0, 1, 1, 1],
       [1, 0, 1, 1, 1],
       [1, 1, 1, 1, 1]]), array([[0, 0, 0, 0, 0],
       [0, 0, 0, 0, 1],
       [0, 0, 0, 1, 1],
       [0, 0, 1, 1, 1],
       [0, 1, 1, 1, 1],
       [1, 1, 1, 1, 1]])], []]
Tau: (0, 1, 2, 3, 4)
Simpex 0:
[[0 0 0 0 0]
 [1 0 0 0 0]
 [1 1 0 0 0]
 [1 1 1 0 0]
 [1 1 1 1 0]
 [1 1 1 1 1]]
Tau: (0, 1, 2, 4, 3)
Simpex 1:
[[0 0 0 0 0]
 [1 0 0 0 0]
 [1 1 0 0 0]
 [1 1 1 0 0]
 [1 1 1 0 1]
 [1 1 1 1 1]]
Tau: (0, 1, 3, 2, 4)
Simpex 2:
[[0 0 0 0 0]
 [1 0 0 0 0]
 [1 1 0 0 0]
 [1 1 0 1 0]
 [1 1 1 1 0]
 [1 1 1 1 1]]
Tau: (0, 1, 3, 4, 2)
Simpex 3:
[[0 0 0 0 0]
 [1 0 0 0 0]
 [1 1 0 0 0]
 [1 1 0 1 0]
 [1 1 0 1 1]
 [1 1 1 1 1]]
Tau: (0, 1, 4, 2, 3)
Simpex 4:
[[0 0 0 0 0]
 [1 0 0 0 0]
 [1 1 0 0 0]
 [1 1 0 0 1]
 [1 1 1 0 1]
 [1 1 1 1 1]]
Tau: (0, 1, 4, 3, 2)
Simpex 5:
[[0 0 0 0 0]
 [1 0 0 0 0]
 [1 1 0 0 0]
 [1 1 0 0 1]
 [1 1 0 1 1]
 [1 1 1 1 1]]
Tau: (0, 2, 1, 3, 4)
Simpex 6:
[[0 0 0 0 0]
 [1 0 0 0 0]
 [1 0 1 0 0]
 [1 1 1 0 0]
 [1 1 1 1 0]
 [1 1 1 1 1]]
Tau: (0, 2, 1, 4, 3)
Simpex 7:
[[0 0 0 0 0]
 [1 0 0 0 0]
 [1 0 1 0 0]
 [1 1 1 0 0]
 [1 1 1 0 1]
 [1 1 1 1 1]]
Tau: (0, 2, 3, 1, 4)
Simpex 8:
[[0 0 0 0 0]
 [1 0 0 0 0]
 [1 0 1 0 0]
 [1 0 1 1 0]
 [1 1 1 1 0]
 [1 1 1 1 1]]
Tau: (0, 2, 3, 4, 1)
Simpex 9:
[[0 0 0 0 0]
 [1 0 0 0 0]
 [1 0 1 0 0]
 [1 0 1 1 0]
 [1 0 1 1 1]
 [1 1 1 1 1]]
Tau: (0, 2, 4, 1, 3)
Simpex 10:
[[0 0 0 0 0]
 [1 0 0 0 0]
 [1 0 1 0 0]
 [1 0 1 0 1]
 [1 1 1 0 1]
 [1 1 1 1 1]]
Tau: (0, 2, 4, 3, 1)
Simpex 11:
[[0 0 0 0 0]
 [1 0 0 0 0]
 [1 0 1 0 0]
 [1 0 1 0 1]
 [1 0 1 1 1]
 [1 1 1 1 1]]
Tau: (0, 3, 1, 2, 4)
Simpex 12:
[[0 0 0 0 0]
 [1 0 0 0 0]
 [1 0 0 1 0]
 [1 1 0 1 0]
 [1 1 1 1 0]
 [1 1 1 1 1]]
Tau: (0, 3, 1, 4, 2)
Simpex 13:
[[0 0 0 0 0]
 [1 0 0 0 0]
 [1 0 0 1 0]
 [1 1 0 1 0]
 [1 1 0 1 1]
 [1 1 1 1 1]]
Tau: (0, 3, 2, 1, 4)
Simpex 14:
[[0 0 0 0 0]
 [1 0 0 0 0]
 [1 0 0 1 0]
 [1 0 1 1 0]
 [1 1 1 1 0]
 [1 1 1 1 1]]
Tau: (0, 3, 2, 4, 1)
Simpex 15:
[[0 0 0 0 0]
 [1 0 0 0 0]
 [1 0 0 1 0]
 [1 0 1 1 0]
 [1 0 1 1 1]
 [1 1 1 1 1]]
Tau: (0, 3, 4, 1, 2)
Simpex 16:
[[0 0 0 0 0]
 [1 0 0 0 0]
 [1 0 0 1 0]
 [1 0 0 1 1]
 [1 1 0 1 1]
 [1 1 1 1 1]]
Tau: (0, 3, 4, 2, 1)
Simpex 17:
[[0 0 0 0 0]
 [1 0 0 0 0]
 [1 0 0 1 0]
 [1 0 0 1 1]
 [1 0 1 1 1]
 [1 1 1 1 1]]
Tau: (0, 4, 1, 2, 3)
Simpex 18:
[[0 0 0 0 0]
 [1 0 0 0 0]
 [1 0 0 0 1]
 [1 1 0 0 1]
 [1 1 1 0 1]
 [1 1 1 1 1]]
Tau: (0, 4, 1, 3, 2)
Simpex 19:
[[0 0 0 0 0]
 [1 0 0 0 0]
 [1 0 0 0 1]
 [1 1 0 0 1]
 [1 1 0 1 1]
 [1 1 1 1 1]]
Tau: (0, 4, 2, 1, 3)
Simpex 20:
[[0 0 0 0 0]
 [1 0 0 0 0]
 [1 0 0 0 1]
 [1 0 1 0 1]
 [1 1 1 0 1]
 [1 1 1 1 1]]
Tau: (0, 4, 2, 3, 1)
Simpex 21:
[[0 0 0 0 0]
 [1 0 0 0 0]
 [1 0 0 0 1]
 [1 0 1 0 1]
 [1 0 1 1 1]
 [1 1 1 1 1]]
Tau: (0, 4, 3, 1, 2)
Simpex 22:
[[0 0 0 0 0]
 [1 0 0 0 0]
 [1 0 0 0 1]
 [1 0 0 1 1]
 [1 1 0 1 1]
 [1 1 1 1 1]]
Tau: (0, 4, 3, 2, 1)
Simpex 23:
[[0 0 0 0 0]
 [1 0 0 0 0]
 [1 0 0 0 1]
 [1 0 0 1 1]
 [1 0 1 1 1]
 [1 1 1 1 1]]
Tau: (1, 0, 2, 3, 4)
Simpex 24:
[[0 0 0 0 0]
 [0 1 0 0 0]
 [1 1 0 0 0]
 [1 1 1 0 0]
 [1 1 1 1 0]
 [1 1 1 1 1]]
Tau: (1, 0, 2, 4, 3)
Simpex 25:
[[0 0 0 0 0]
 [0 1 0 0 0]
 [1 1 0 0 0]
 [1 1 1 0 0]
 [1 1 1 0 1]
 [1 1 1 1 1]]
Tau: (1, 0, 3, 2, 4)
Simpex 26:
[[0 0 0 0 0]
 [0 1 0 0 0]
 [1 1 0 0 0]
 [1 1 0 1 0]
 [1 1 1 1 0]
 [1 1 1 1 1]]
Tau: (1, 0, 3, 4, 2)
Simpex 27:
[[0 0 0 0 0]
 [0 1 0 0 0]
 [1 1 0 0 0]
 [1 1 0 1 0]
 [1 1 0 1 1]
 [1 1 1 1 1]]
Tau: (1, 0, 4, 2, 3)
Simpex 28:
[[0 0 0 0 0]
 [0 1 0 0 0]
 [1 1 0 0 0]
 [1 1 0 0 1]
 [1 1 1 0 1]
 [1 1 1 1 1]]
Tau: (1, 0, 4, 3, 2)
Simpex 29:
[[0 0 0 0 0]
 [0 1 0 0 0]
 [1 1 0 0 0]
 [1 1 0 0 1]
 [1 1 0 1 1]
 [1 1 1 1 1]]
Tau: (1, 2, 0, 3, 4)
Simpex 30:
[[0 0 0 0 0]
 [0 1 0 0 0]
 [0 1 1 0 0]
 [1 1 1 0 0]
 [1 1 1 1 0]
 [1 1 1 1 1]]
Tau: (1, 2, 0, 4, 3)
Simpex 31:
[[0 0 0 0 0]
 [0 1 0 0 0]
 [0 1 1 0 0]
 [1 1 1 0 0]
 [1 1 1 0 1]
 [1 1 1 1 1]]
Tau: (1, 2, 3, 0, 4)
Simpex 32:
[[0 0 0 0 0]
 [0 1 0 0 0]
 [0 1 1 0 0]
 [0 1 1 1 0]
 [1 1 1 1 0]
 [1 1 1 1 1]]
Tau: (1, 2, 3, 4, 0)
Simpex 33:
[[0 0 0 0 0]
 [0 1 0 0 0]
 [0 1 1 0 0]
 [0 1 1 1 0]
 [0 1 1 1 1]
 [1 1 1 1 1]]
Tau: (1, 2, 4, 0, 3)
Simpex 34:
[[0 0 0 0 0]
 [0 1 0 0 0]
 [0 1 1 0 0]
 [0 1 1 0 1]
 [1 1 1 0 1]
 [1 1 1 1 1]]
Tau: (1, 2, 4, 3, 0)
Simpex 35:
[[0 0 0 0 0]
 [0 1 0 0 0]
 [0 1 1 0 0]
 [0 1 1 0 1]
 [0 1 1 1 1]
 [1 1 1 1 1]]
Tau: (1, 3, 0, 2, 4)
Simpex 36:
[[0 0 0 0 0]
 [0 1 0 0 0]
 [0 1 0 1 0]
 [1 1 0 1 0]
 [1 1 1 1 0]
 [1 1 1 1 1]]
Tau: (1, 3, 0, 4, 2)
Simpex 37:
[[0 0 0 0 0]
 [0 1 0 0 0]
 [0 1 0 1 0]
 [1 1 0 1 0]
 [1 1 0 1 1]
 [1 1 1 1 1]]
Tau: (1, 3, 2, 0, 4)
Simpex 38:
[[0 0 0 0 0]
 [0 1 0 0 0]
 [0 1 0 1 0]
 [0 1 1 1 0]
 [1 1 1 1 0]
 [1 1 1 1 1]]
Tau: (1, 3, 2, 4, 0)
Simpex 39:
[[0 0 0 0 0]
 [0 1 0 0 0]
 [0 1 0 1 0]
 [0 1 1 1 0]
 [0 1 1 1 1]
 [1 1 1 1 1]]
Tau: (1, 3, 4, 0, 2)
Simpex 40:
[[0 0 0 0 0]
 [0 1 0 0 0]
 [0 1 0 1 0]
 [0 1 0 1 1]
 [1 1 0 1 1]
 [1 1 1 1 1]]
Tau: (1, 3, 4, 2, 0)
Simpex 41:
[[0 0 0 0 0]
 [0 1 0 0 0]
 [0 1 0 1 0]
 [0 1 0 1 1]
 [0 1 1 1 1]
 [1 1 1 1 1]]
Tau: (1, 4, 0, 2, 3)
Simpex 42:
[[0 0 0 0 0]
 [0 1 0 0 0]
 [0 1 0 0 1]
 [1 1 0 0 1]
 [1 1 1 0 1]
 [1 1 1 1 1]]
Tau: (1, 4, 0, 3, 2)
Simpex 43:
[[0 0 0 0 0]
 [0 1 0 0 0]
 [0 1 0 0 1]
 [1 1 0 0 1]
 [1 1 0 1 1]
 [1 1 1 1 1]]
Tau: (1, 4, 2, 0, 3)
Simpex 44:
[[0 0 0 0 0]
 [0 1 0 0 0]
 [0 1 0 0 1]
 [0 1 1 0 1]
 [1 1 1 0 1]
 [1 1 1 1 1]]
Tau: (1, 4, 2, 3, 0)
Simpex 45:
[[0 0 0 0 0]
 [0 1 0 0 0]
 [0 1 0 0 1]
 [0 1 1 0 1]
 [0 1 1 1 1]
 [1 1 1 1 1]]
Tau: (1, 4, 3, 0, 2)
Simpex 46:
[[0 0 0 0 0]
 [0 1 0 0 0]
 [0 1 0 0 1]
 [0 1 0 1 1]
 [1 1 0 1 1]
 [1 1 1 1 1]]
Tau: (1, 4, 3, 2, 0)
Simpex 47:
[[0 0 0 0 0]
 [0 1 0 0 0]
 [0 1 0 0 1]
 [0 1 0 1 1]
 [0 1 1 1 1]
 [1 1 1 1 1]]
Tau: (2, 0, 1, 3, 4)
Simpex 48:
[[0 0 0 0 0]
 [0 0 1 0 0]
 [1 0 1 0 0]
 [1 1 1 0 0]
 [1 1 1 1 0]
 [1 1 1 1 1]]
Tau: (2, 0, 1, 4, 3)
Simpex 49:
[[0 0 0 0 0]
 [0 0 1 0 0]
 [1 0 1 0 0]
 [1 1 1 0 0]
 [1 1 1 0 1]
 [1 1 1 1 1]]
Tau: (2, 0, 3, 1, 4)
Simpex 50:
[[0 0 0 0 0]
 [0 0 1 0 0]
 [1 0 1 0 0]
 [1 0 1 1 0]
 [1 1 1 1 0]
 [1 1 1 1 1]]
Tau: (2, 0, 3, 4, 1)
Simpex 51:
[[0 0 0 0 0]
 [0 0 1 0 0]
 [1 0 1 0 0]
 [1 0 1 1 0]
 [1 0 1 1 1]
 [1 1 1 1 1]]
Tau: (2, 0, 4, 1, 3)
Simpex 52:
[[0 0 0 0 0]
 [0 0 1 0 0]
 [1 0 1 0 0]
 [1 0 1 0 1]
 [1 1 1 0 1]
 [1 1 1 1 1]]
Tau: (2, 0, 4, 3, 1)
Simpex 53:
[[0 0 0 0 0]
 [0 0 1 0 0]
 [1 0 1 0 0]
 [1 0 1 0 1]
 [1 0 1 1 1]
 [1 1 1 1 1]]
Tau: (2, 1, 0, 3, 4)
Simpex 54:
[[0 0 0 0 0]
 [0 0 1 0 0]
 [0 1 1 0 0]
 [1 1 1 0 0]
 [1 1 1 1 0]
 [1 1 1 1 1]]
Tau: (2, 1, 0, 4, 3)
Simpex 55:
[[0 0 0 0 0]
 [0 0 1 0 0]
 [0 1 1 0 0]
 [1 1 1 0 0]
 [1 1 1 0 1]
 [1 1 1 1 1]]
Tau: (2, 1, 3, 0, 4)
Simpex 56:
[[0 0 0 0 0]
 [0 0 1 0 0]
 [0 1 1 0 0]
 [0 1 1 1 0]
 [1 1 1 1 0]
 [1 1 1 1 1]]
Tau: (2, 1, 3, 4, 0)
Simpex 57:
[[0 0 0 0 0]
 [0 0 1 0 0]
 [0 1 1 0 0]
 [0 1 1 1 0]
 [0 1 1 1 1]
 [1 1 1 1 1]]
Tau: (2, 1, 4, 0, 3)
Simpex 58:
[[0 0 0 0 0]
 [0 0 1 0 0]
 [0 1 1 0 0]
 [0 1 1 0 1]
 [1 1 1 0 1]
 [1 1 1 1 1]]
Tau: (2, 1, 4, 3, 0)
Simpex 59:
[[0 0 0 0 0]
 [0 0 1 0 0]
 [0 1 1 0 0]
 [0 1 1 0 1]
 [0 1 1 1 1]
 [1 1 1 1 1]]
Tau: (2, 3, 0, 1, 4)
Simpex 60:
[[0 0 0 0 0]
 [0 0 1 0 0]
 [0 0 1 1 0]
 [1 0 1 1 0]
 [1 1 1 1 0]
 [1 1 1 1 1]]
Tau: (2, 3, 0, 4, 1)
Simpex 61:
[[0 0 0 0 0]
 [0 0 1 0 0]
 [0 0 1 1 0]
 [1 0 1 1 0]
 [1 0 1 1 1]
 [1 1 1 1 1]]
Tau: (2, 3, 1, 0, 4)
Simpex 62:
[[0 0 0 0 0]
 [0 0 1 0 0]
 [0 0 1 1 0]
 [0 1 1 1 0]
 [1 1 1 1 0]
 [1 1 1 1 1]]
Tau: (2, 3, 1, 4, 0)
Simpex 63:
[[0 0 0 0 0]
 [0 0 1 0 0]
 [0 0 1 1 0]
 [0 1 1 1 0]
 [0 1 1 1 1]
 [1 1 1 1 1]]
Tau: (2, 3, 4, 0, 1)
Simpex 64:
[[0 0 0 0 0]
 [0 0 1 0 0]
 [0 0 1 1 0]
 [0 0 1 1 1]
 [1 0 1 1 1]
 [1 1 1 1 1]]
Tau: (2, 3, 4, 1, 0)
Simpex 65:
[[0 0 0 0 0]
 [0 0 1 0 0]
 [0 0 1 1 0]
 [0 0 1 1 1]
 [0 1 1 1 1]
 [1 1 1 1 1]]
Tau: (2, 4, 0, 1, 3)
Simpex 66:
[[0 0 0 0 0]
 [0 0 1 0 0]
 [0 0 1 0 1]
 [1 0 1 0 1]
 [1 1 1 0 1]
 [1 1 1 1 1]]
Tau: (2, 4, 0, 3, 1)
Simpex 67:
[[0 0 0 0 0]
 [0 0 1 0 0]
 [0 0 1 0 1]
 [1 0 1 0 1]
 [1 0 1 1 1]
 [1 1 1 1 1]]
Tau: (2, 4, 1, 0, 3)
Simpex 68:
[[0 0 0 0 0]
 [0 0 1 0 0]
 [0 0 1 0 1]
 [0 1 1 0 1]
 [1 1 1 0 1]
 [1 1 1 1 1]]
Tau: (2, 4, 1, 3, 0)
Simpex 69:
[[0 0 0 0 0]
 [0 0 1 0 0]
 [0 0 1 0 1]
 [0 1 1 0 1]
 [0 1 1 1 1]
 [1 1 1 1 1]]
Tau: (2, 4, 3, 0, 1)
Simpex 70:
[[0 0 0 0 0]
 [0 0 1 0 0]
 [0 0 1 0 1]
 [0 0 1 1 1]
 [1 0 1 1 1]
 [1 1 1 1 1]]
Tau: (2, 4, 3, 1, 0)
Simpex 71:
[[0 0 0 0 0]
 [0 0 1 0 0]
 [0 0 1 0 1]
 [0 0 1 1 1]
 [0 1 1 1 1]
 [1 1 1 1 1]]
Tau: (3, 0, 1, 2, 4)
Simpex 72:
[[0 0 0 0 0]
 [0 0 0 1 0]
 [1 0 0 1 0]
 [1 1 0 1 0]
 [1 1 1 1 0]
 [1 1 1 1 1]]
Tau: (3, 0, 1, 4, 2)
Simpex 73:
[[0 0 0 0 0]
 [0 0 0 1 0]
 [1 0 0 1 0]
 [1 1 0 1 0]
 [1 1 0 1 1]
 [1 1 1 1 1]]
Tau: (3, 0, 2, 1, 4)
Simpex 74:
[[0 0 0 0 0]
 [0 0 0 1 0]
 [1 0 0 1 0]
 [1 0 1 1 0]
 [1 1 1 1 0]
 [1 1 1 1 1]]
Tau: (3, 0, 2, 4, 1)
Simpex 75:
[[0 0 0 0 0]
 [0 0 0 1 0]
 [1 0 0 1 0]
 [1 0 1 1 0]
 [1 0 1 1 1]
 [1 1 1 1 1]]
Tau: (3, 0, 4, 1, 2)
Simpex 76:
[[0 0 0 0 0]
 [0 0 0 1 0]
 [1 0 0 1 0]
 [1 0 0 1 1]
 [1 1 0 1 1]
 [1 1 1 1 1]]
Tau: (3, 0, 4, 2, 1)
Simpex 77:
[[0 0 0 0 0]
 [0 0 0 1 0]
 [1 0 0 1 0]
 [1 0 0 1 1]
 [1 0 1 1 1]
 [1 1 1 1 1]]
Tau: (3, 1, 0, 2, 4)
Simpex 78:
[[0 0 0 0 0]
 [0 0 0 1 0]
 [0 1 0 1 0]
 [1 1 0 1 0]
 [1 1 1 1 0]
 [1 1 1 1 1]]
Tau: (3, 1, 0, 4, 2)
Simpex 79:
[[0 0 0 0 0]
 [0 0 0 1 0]
 [0 1 0 1 0]
 [1 1 0 1 0]
 [1 1 0 1 1]
 [1 1 1 1 1]]
Tau: (3, 1, 2, 0, 4)
Simpex 80:
[[0 0 0 0 0]
 [0 0 0 1 0]
 [0 1 0 1 0]
 [0 1 1 1 0]
 [1 1 1 1 0]
 [1 1 1 1 1]]
Tau: (3, 1, 2, 4, 0)
Simpex 81:
[[0 0 0 0 0]
 [0 0 0 1 0]
 [0 1 0 1 0]
 [0 1 1 1 0]
 [0 1 1 1 1]
 [1 1 1 1 1]]
Tau: (3, 1, 4, 0, 2)
Simpex 82:
[[0 0 0 0 0]
 [0 0 0 1 0]
 [0 1 0 1 0]
 [0 1 0 1 1]
 [1 1 0 1 1]
 [1 1 1 1 1]]
Tau: (3, 1, 4, 2, 0)
Simpex 83:
[[0 0 0 0 0]
 [0 0 0 1 0]
 [0 1 0 1 0]
 [0 1 0 1 1]
 [0 1 1 1 1]
 [1 1 1 1 1]]
Tau: (3, 2, 0, 1, 4)
Simpex 84:
[[0 0 0 0 0]
 [0 0 0 1 0]
 [0 0 1 1 0]
 [1 0 1 1 0]
 [1 1 1 1 0]
 [1 1 1 1 1]]
Tau: (3, 2, 0, 4, 1)
Simpex 85:
[[0 0 0 0 0]
 [0 0 0 1 0]
 [0 0 1 1 0]
 [1 0 1 1 0]
 [1 0 1 1 1]
 [1 1 1 1 1]]
Tau: (3, 2, 1, 0, 4)
Simpex 86:
[[0 0 0 0 0]
 [0 0 0 1 0]
 [0 0 1 1 0]
 [0 1 1 1 0]
 [1 1 1 1 0]
 [1 1 1 1 1]]
Tau: (3, 2, 1, 4, 0)
Simpex 87:
[[0 0 0 0 0]
 [0 0 0 1 0]
 [0 0 1 1 0]
 [0 1 1 1 0]
 [0 1 1 1 1]
 [1 1 1 1 1]]
Tau: (3, 2, 4, 0, 1)
Simpex 88:
[[0 0 0 0 0]
 [0 0 0 1 0]
 [0 0 1 1 0]
 [0 0 1 1 1]
 [1 0 1 1 1]
 [1 1 1 1 1]]
Tau: (3, 2, 4, 1, 0)
Simpex 89:
[[0 0 0 0 0]
 [0 0 0 1 0]
 [0 0 1 1 0]
 [0 0 1 1 1]
 [0 1 1 1 1]
 [1 1 1 1 1]]
Tau: (3, 4, 0, 1, 2)
Simpex 90:
[[0 0 0 0 0]
 [0 0 0 1 0]
 [0 0 0 1 1]
 [1 0 0 1 1]
 [1 1 0 1 1]
 [1 1 1 1 1]]
Tau: (3, 4, 0, 2, 1)
Simpex 91:
[[0 0 0 0 0]
 [0 0 0 1 0]
 [0 0 0 1 1]
 [1 0 0 1 1]
 [1 0 1 1 1]
 [1 1 1 1 1]]
Tau: (3, 4, 1, 0, 2)
Simpex 92:
[[0 0 0 0 0]
 [0 0 0 1 0]
 [0 0 0 1 1]
 [0 1 0 1 1]
 [1 1 0 1 1]
 [1 1 1 1 1]]
Tau: (3, 4, 1, 2, 0)
Simpex 93:
[[0 0 0 0 0]
 [0 0 0 1 0]
 [0 0 0 1 1]
 [0 1 0 1 1]
 [0 1 1 1 1]
 [1 1 1 1 1]]
Tau: (3, 4, 2, 0, 1)
Simpex 94:
[[0 0 0 0 0]
 [0 0 0 1 0]
 [0 0 0 1 1]
 [0 0 1 1 1]
 [1 0 1 1 1]
 [1 1 1 1 1]]
Tau: (3, 4, 2, 1, 0)
Simpex 95:
[[0 0 0 0 0]
 [0 0 0 1 0]
 [0 0 0 1 1]
 [0 0 1 1 1]
 [0 1 1 1 1]
 [1 1 1 1 1]]
Tau: (4, 0, 1, 2, 3)
Simpex 96:
[[0 0 0 0 0]
 [0 0 0 0 1]
 [1 0 0 0 1]
 [1 1 0 0 1]
 [1 1 1 0 1]
 [1 1 1 1 1]]
Tau: (4, 0, 1, 3, 2)
Simpex 97:
[[0 0 0 0 0]
 [0 0 0 0 1]
 [1 0 0 0 1]
 [1 1 0 0 1]
 [1 1 0 1 1]
 [1 1 1 1 1]]
Tau: (4, 0, 2, 1, 3)
Simpex 98:
[[0 0 0 0 0]
 [0 0 0 0 1]
 [1 0 0 0 1]
 [1 0 1 0 1]
 [1 1 1 0 1]
 [1 1 1 1 1]]
Tau: (4, 0, 2, 3, 1)
Simpex 99:
[[0 0 0 0 0]
 [0 0 0 0 1]
 [1 0 0 0 1]
 [1 0 1 0 1]
 [1 0 1 1 1]
 [1 1 1 1 1]]
Tau: (4, 0, 3, 1, 2)
Simpex 100:
[[0 0 0 0 0]
 [0 0 0 0 1]
 [1 0 0 0 1]
 [1 0 0 1 1]
 [1 1 0 1 1]
 [1 1 1 1 1]]
Tau: (4, 0, 3, 2, 1)
Simpex 101:
[[0 0 0 0 0]
 [0 0 0 0 1]
 [1 0 0 0 1]
 [1 0 0 1 1]
 [1 0 1 1 1]
 [1 1 1 1 1]]
Tau: (4, 1, 0, 2, 3)
Simpex 102:
[[0 0 0 0 0]
 [0 0 0 0 1]
 [0 1 0 0 1]
 [1 1 0 0 1]
 [1 1 1 0 1]
 [1 1 1 1 1]]
Tau: (4, 1, 0, 3, 2)
Simpex 103:
[[0 0 0 0 0]
 [0 0 0 0 1]
 [0 1 0 0 1]
 [1 1 0 0 1]
 [1 1 0 1 1]
 [1 1 1 1 1]]
Tau: (4, 1, 2, 0, 3)
Simpex 104:
[[0 0 0 0 0]
 [0 0 0 0 1]
 [0 1 0 0 1]
 [0 1 1 0 1]
 [1 1 1 0 1]
 [1 1 1 1 1]]
Tau: (4, 1, 2, 3, 0)
Simpex 105:
[[0 0 0 0 0]
 [0 0 0 0 1]
 [0 1 0 0 1]
 [0 1 1 0 1]
 [0 1 1 1 1]
 [1 1 1 1 1]]
Tau: (4, 1, 3, 0, 2)
Simpex 106:
[[0 0 0 0 0]
 [0 0 0 0 1]
 [0 1 0 0 1]
 [0 1 0 1 1]
 [1 1 0 1 1]
 [1 1 1 1 1]]
Tau: (4, 1, 3, 2, 0)
Simpex 107:
[[0 0 0 0 0]
 [0 0 0 0 1]
 [0 1 0 0 1]
 [0 1 0 1 1]
 [0 1 1 1 1]
 [1 1 1 1 1]]
Tau: (4, 2, 0, 1, 3)
Simpex 108:
[[0 0 0 0 0]
 [0 0 0 0 1]
 [0 0 1 0 1]
 [1 0 1 0 1]
 [1 1 1 0 1]
 [1 1 1 1 1]]
Tau: (4, 2, 0, 3, 1)
Simpex 109:
[[0 0 0 0 0]
 [0 0 0 0 1]
 [0 0 1 0 1]
 [1 0 1 0 1]
 [1 0 1 1 1]
 [1 1 1 1 1]]
Tau: (4, 2, 1, 0, 3)
Simpex 110:
[[0 0 0 0 0]
 [0 0 0 0 1]
 [0 0 1 0 1]
 [0 1 1 0 1]
 [1 1 1 0 1]
 [1 1 1 1 1]]
Tau: (4, 2, 1, 3, 0)
Simpex 111:
[[0 0 0 0 0]
 [0 0 0 0 1]
 [0 0 1 0 1]
 [0 1 1 0 1]
 [0 1 1 1 1]
 [1 1 1 1 1]]
Tau: (4, 2, 3, 0, 1)
Simpex 112:
[[0 0 0 0 0]
 [0 0 0 0 1]
 [0 0 1 0 1]
 [0 0 1 1 1]
 [1 0 1 1 1]
 [1 1 1 1 1]]
Tau: (4, 2, 3, 1, 0)
Simpex 113:
[[0 0 0 0 0]
 [0 0 0 0 1]
 [0 0 1 0 1]
 [0 0 1 1 1]
 [0 1 1 1 1]
 [1 1 1 1 1]]
Tau: (4, 3, 0, 1, 2)
Simpex 114:
[[0 0 0 0 0]
 [0 0 0 0 1]
 [0 0 0 1 1]
 [1 0 0 1 1]
 [1 1 0 1 1]
 [1 1 1 1 1]]
Tau: (4, 3, 0, 2, 1)
Simpex 115:
[[0 0 0 0 0]
 [0 0 0 0 1]
 [0 0 0 1 1]
 [1 0 0 1 1]
 [1 0 1 1 1]
 [1 1 1 1 1]]
Tau: (4, 3, 1, 0, 2)
Simpex 116:
[[0 0 0 0 0]
 [0 0 0 0 1]
 [0 0 0 1 1]
 [0 1 0 1 1]
 [1 1 0 1 1]
 [1 1 1 1 1]]
Tau: (4, 3, 1, 2, 0)
Simpex 117:
[[0 0 0 0 0]
 [0 0 0 0 1]
 [0 0 0 1 1]
 [0 1 0 1 1]
 [0 1 1 1 1]
 [1 1 1 1 1]]
Tau: (4, 3, 2, 0, 1)
Simpex 118:
[[0 0 0 0 0]
 [0 0 0 0 1]
 [0 0 0 1 1]
 [0 0 1 1 1]
 [1 0 1 1 1]
 [1 1 1 1 1]]
Tau: (4, 3, 2, 1, 0)
Simpex 119:
[[0 0 0 0 0]
 [0 0 0 0 1]
 [0 0 0 1 1]
 [0 0 1 1 1]
 [0 1 1 1 1]
 [1 1 1 1 1]]
Tau: (0, 1, 2, 3, 4)
Simpex 0:
[0, 1, 2, 3, 4, 31]
Tau: (0, 1, 2, 4, 3)
Simpex 1:
[0, 1, 2, 3, 5, 31]
Tau: (0, 1, 3, 2, 4)
Simpex 2:
[0, 1, 2, 6, 4, 31]
Tau: (0, 1, 3, 4, 2)
Simpex 3:
[0, 1, 2, 6, 7, 31]
Tau: (0, 1, 4, 2, 3)
Simpex 4:
[0, 1, 2, 8, 5, 31]
Tau: (0, 1, 4, 3, 2)
Simpex 5:
[0, 1, 2, 8, 7, 31]
Tau: (0, 2, 1, 3, 4)
Simpex 6:
[0, 1, 9, 3, 4, 31]
Tau: (0, 2, 1, 4, 3)
Simpex 7:
[0, 1, 9, 3, 5, 31]
Tau: (0, 2, 3, 1, 4)
Simpex 8:
[0, 1, 9, 10, 4, 31]
Tau: (0, 2, 3, 4, 1)
Simpex 9:
[0, 1, 9, 10, 11, 31]
Tau: (0, 2, 4, 1, 3)
Simpex 10:
[0, 1, 9, 12, 5, 31]
Tau: (0, 2, 4, 3, 1)
Simpex 11:
[0, 1, 9, 12, 11, 31]
Tau: (0, 3, 1, 2, 4)
Simpex 12:
[0, 1, 13, 6, 4, 31]
Tau: (0, 3, 1, 4, 2)
Simpex 13:
[0, 1, 13, 6, 7, 31]
Tau: (0, 3, 2, 1, 4)
Simpex 14:
[0, 1, 13, 10, 4, 31]
Tau: (0, 3, 2, 4, 1)
Simpex 15:
[0, 1, 13, 10, 11, 31]
Tau: (0, 3, 4, 1, 2)
Simpex 16:
[0, 1, 13, 14, 7, 31]
Tau: (0, 3, 4, 2, 1)
Simpex 17:
[0, 1, 13, 14, 11, 31]
Tau: (0, 4, 1, 2, 3)
Simpex 18:
[0, 1, 15, 8, 5, 31]
Tau: (0, 4, 1, 3, 2)
Simpex 19:
[0, 1, 15, 8, 7, 31]
Tau: (0, 4, 2, 1, 3)
Simpex 20:
[0, 1, 15, 12, 5, 31]
Tau: (0, 4, 2, 3, 1)
Simpex 21:
[0, 1, 15, 12, 11, 31]
Tau: (0, 4, 3, 1, 2)
Simpex 22:
[0, 1, 15, 14, 7, 31]
Tau: (0, 4, 3, 2, 1)
Simpex 23:
[0, 1, 15, 14, 11, 31]
Tau: (1, 0, 2, 3, 4)
Simpex 24:
[0, 16, 2, 3, 4, 31]
Tau: (1, 0, 2, 4, 3)
Simpex 25:
[0, 16, 2, 3, 5, 31]
Tau: (1, 0, 3, 2, 4)
Simpex 26:
[0, 16, 2, 6, 4, 31]
Tau: (1, 0, 3, 4, 2)
Simpex 27:
[0, 16, 2, 6, 7, 31]
Tau: (1, 0, 4, 2, 3)
Simpex 28:
[0, 16, 2, 8, 5, 31]
Tau: (1, 0, 4, 3, 2)
Simpex 29:
[0, 16, 2, 8, 7, 31]
Tau: (1, 2, 0, 3, 4)
Simpex 30:
[0, 16, 17, 3, 4, 31]
Tau: (1, 2, 0, 4, 3)
Simpex 31:
[0, 16, 17, 3, 5, 31]
Tau: (1, 2, 3, 0, 4)
Simpex 32:
[0, 16, 17, 18, 4, 31]
Tau: (1, 2, 3, 4, 0)
Simpex 33:
[0, 16, 17, 18, 19, 31]
Tau: (1, 2, 4, 0, 3)
Simpex 34:
[0, 16, 17, 20, 5, 31]
Tau: (1, 2, 4, 3, 0)
Simpex 35:
[0, 16, 17, 20, 19, 31]
Tau: (1, 3, 0, 2, 4)
Simpex 36:
[0, 16, 21, 6, 4, 31]
Tau: (1, 3, 0, 4, 2)
Simpex 37:
[0, 16, 21, 6, 7, 31]
Tau: (1, 3, 2, 0, 4)
Simpex 38:
[0, 16, 21, 18, 4, 31]
Tau: (1, 3, 2, 4, 0)
Simpex 39:
[0, 16, 21, 18, 19, 31]
Tau: (1, 3, 4, 0, 2)
Simpex 40:
[0, 16, 21, 22, 7, 31]
Tau: (1, 3, 4, 2, 0)
Simpex 41:
[0, 16, 21, 22, 19, 31]
Tau: (1, 4, 0, 2, 3)
Simpex 42:
[0, 16, 23, 8, 5, 31]
Tau: (1, 4, 0, 3, 2)
Simpex 43:
[0, 16, 23, 8, 7, 31]
Tau: (1, 4, 2, 0, 3)
Simpex 44:
[0, 16, 23, 20, 5, 31]
Tau: (1, 4, 2, 3, 0)
Simpex 45:
[0, 16, 23, 20, 19, 31]
Tau: (1, 4, 3, 0, 2)
Simpex 46:
[0, 16, 23, 22, 7, 31]
Tau: (1, 4, 3, 2, 0)
Simpex 47:
[0, 16, 23, 22, 19, 31]
Tau: (2, 0, 1, 3, 4)
Simpex 48:
[0, 24, 9, 3, 4, 31]
Tau: (2, 0, 1, 4, 3)
Simpex 49:
[0, 24, 9, 3, 5, 31]
Tau: (2, 0, 3, 1, 4)
Simpex 50:
[0, 24, 9, 10, 4, 31]
Tau: (2, 0, 3, 4, 1)
Simpex 51:
[0, 24, 9, 10, 11, 31]
Tau: (2, 0, 4, 1, 3)
Simpex 52:
[0, 24, 9, 12, 5, 31]
Tau: (2, 0, 4, 3, 1)
Simpex 53:
[0, 24, 9, 12, 11, 31]
Tau: (2, 1, 0, 3, 4)
Simpex 54:
[0, 24, 17, 3, 4, 31]
Tau: (2, 1, 0, 4, 3)
Simpex 55:
[0, 24, 17, 3, 5, 31]
Tau: (2, 1, 3, 0, 4)
Simpex 56:
[0, 24, 17, 18, 4, 31]
Tau: (2, 1, 3, 4, 0)
Simpex 57:
[0, 24, 17, 18, 19, 31]
Tau: (2, 1, 4, 0, 3)
Simpex 58:
[0, 24, 17, 20, 5, 31]
Tau: (2, 1, 4, 3, 0)
Simpex 59:
[0, 24, 17, 20, 19, 31]
Tau: (2, 3, 0, 1, 4)
Simpex 60:
[0, 24, 25, 10, 4, 31]
Tau: (2, 3, 0, 4, 1)
Simpex 61:
[0, 24, 25, 10, 11, 31]
Tau: (2, 3, 1, 0, 4)
Simpex 62:
[0, 24, 25, 18, 4, 31]
Tau: (2, 3, 1, 4, 0)
Simpex 63:
[0, 24, 25, 18, 19, 31]
Tau: (2, 3, 4, 0, 1)
Simpex 64:
[0, 24, 25, 26, 11, 31]
Tau: (2, 3, 4, 1, 0)
Simpex 65:
[0, 24, 25, 26, 19, 31]
Tau: (2, 4, 0, 1, 3)
Simpex 66:
[0, 24, 27, 12, 5, 31]
Tau: (2, 4, 0, 3, 1)
Simpex 67:
[0, 24, 27, 12, 11, 31]
Tau: (2, 4, 1, 0, 3)
Simpex 68:
[0, 24, 27, 20, 5, 31]
Tau: (2, 4, 1, 3, 0)
Simpex 69:
[0, 24, 27, 20, 19, 31]
Tau: (2, 4, 3, 0, 1)
Simpex 70:
[0, 24, 27, 26, 11, 31]
Tau: (2, 4, 3, 1, 0)
Simpex 71:
[0, 24, 27, 26, 19, 31]
Tau: (3, 0, 1, 2, 4)
Simpex 72:
[0, 28, 13, 6, 4, 31]
Tau: (3, 0, 1, 4, 2)
Simpex 73:
[0, 28, 13, 6, 7, 31]
Tau: (3, 0, 2, 1, 4)
Simpex 74:
[0, 28, 13, 10, 4, 31]
Tau: (3, 0, 2, 4, 1)
Simpex 75:
[0, 28, 13, 10, 11, 31]
Tau: (3, 0, 4, 1, 2)
Simpex 76:
[0, 28, 13, 14, 7, 31]
Tau: (3, 0, 4, 2, 1)
Simpex 77:
[0, 28, 13, 14, 11, 31]
Tau: (3, 1, 0, 2, 4)
Simpex 78:
[0, 28, 21, 6, 4, 31]
Tau: (3, 1, 0, 4, 2)
Simpex 79:
[0, 28, 21, 6, 7, 31]
Tau: (3, 1, 2, 0, 4)
Simpex 80:
[0, 28, 21, 18, 4, 31]
Tau: (3, 1, 2, 4, 0)
Simpex 81:
[0, 28, 21, 18, 19, 31]
Tau: (3, 1, 4, 0, 2)
Simpex 82:
[0, 28, 21, 22, 7, 31]
Tau: (3, 1, 4, 2, 0)
Simpex 83:
[0, 28, 21, 22, 19, 31]
Tau: (3, 2, 0, 1, 4)
Simpex 84:
[0, 28, 25, 10, 4, 31]
Tau: (3, 2, 0, 4, 1)
Simpex 85:
[0, 28, 25, 10, 11, 31]
Tau: (3, 2, 1, 0, 4)
Simpex 86:
[0, 28, 25, 18, 4, 31]
Tau: (3, 2, 1, 4, 0)
Simpex 87:
[0, 28, 25, 18, 19, 31]
Tau: (3, 2, 4, 0, 1)
Simpex 88:
[0, 28, 25, 26, 11, 31]
Tau: (3, 2, 4, 1, 0)
Simpex 89:
[0, 28, 25, 26, 19, 31]
Tau: (3, 4, 0, 1, 2)
Simpex 90:
[0, 28, 29, 14, 7, 31]
Tau: (3, 4, 0, 2, 1)
Simpex 91:
[0, 28, 29, 14, 11, 31]
Tau: (3, 4, 1, 0, 2)
Simpex 92:
[0, 28, 29, 22, 7, 31]
Tau: (3, 4, 1, 2, 0)
Simpex 93:
[0, 28, 29, 22, 19, 31]
Tau: (3, 4, 2, 0, 1)
Simpex 94:
[0, 28, 29, 26, 11, 31]
Tau: (3, 4, 2, 1, 0)
Simpex 95:
[0, 28, 29, 26, 19, 31]
Tau: (4, 0, 1, 2, 3)
Simpex 96:
[0, 30, 15, 8, 5, 31]
Tau: (4, 0, 1, 3, 2)
Simpex 97:
[0, 30, 15, 8, 7, 31]
Tau: (4, 0, 2, 1, 3)
Simpex 98:
[0, 30, 15, 12, 5, 31]
Tau: (4, 0, 2, 3, 1)
Simpex 99:
[0, 30, 15, 12, 11, 31]
Tau: (4, 0, 3, 1, 2)
Simpex 100:
[0, 30, 15, 14, 7, 31]
Tau: (4, 0, 3, 2, 1)
Simpex 101:
[0, 30, 15, 14, 11, 31]
Tau: (4, 1, 0, 2, 3)
Simpex 102:
[0, 30, 23, 8, 5, 31]
Tau: (4, 1, 0, 3, 2)
Simpex 103:
[0, 30, 23, 8, 7, 31]
Tau: (4, 1, 2, 0, 3)
Simpex 104:
[0, 30, 23, 20, 5, 31]
Tau: (4, 1, 2, 3, 0)
Simpex 105:
[0, 30, 23, 20, 19, 31]
Tau: (4, 1, 3, 0, 2)
Simpex 106:
[0, 30, 23, 22, 7, 31]
Tau: (4, 1, 3, 2, 0)
Simpex 107:
[0, 30, 23, 22, 19, 31]
Tau: (4, 2, 0, 1, 3)
Simpex 108:
[0, 30, 27, 12, 5, 31]
Tau: (4, 2, 0, 3, 1)
Simpex 109:
[0, 30, 27, 12, 11, 31]
Tau: (4, 2, 1, 0, 3)
Simpex 110:
[0, 30, 27, 20, 5, 31]
Tau: (4, 2, 1, 3, 0)
Simpex 111:
[0, 30, 27, 20, 19, 31]
Tau: (4, 2, 3, 0, 1)
Simpex 112:
[0, 30, 27, 26, 11, 31]
Tau: (4, 2, 3, 1, 0)
Simpex 113:
[0, 30, 27, 26, 19, 31]
Tau: (4, 3, 0, 1, 2)
Simpex 114:
[0, 30, 29, 14, 7, 31]
Tau: (4, 3, 0, 2, 1)
Simpex 115:
[0, 30, 29, 14, 11, 31]
Tau: (4, 3, 1, 0, 2)
Simpex 116:
[0, 30, 29, 22, 7, 31]
Tau: (4, 3, 1, 2, 0)
Simpex 117:
[0, 30, 29, 22, 19, 31]
Tau: (4, 3, 2, 0, 1)
Simpex 118:
[0, 30, 29, 26, 11, 31]
Tau: (4, 3, 2, 1, 0)
Simpex 119:
[0, 30, 29, 26, 19, 31]
====================================================================================================
